# reference boundary from eng dwgs
-4.503000000000000114e+01 -1.520533038527365122e+01
-4.453825304454949219e+01 -1.318235251237967631e+01
-4.395567265354695508e+01 -1.118363926870692104e+01
-4.328344696920236601e+01 -9.213266925285267916e+00
-4.252294696060860701e+01 -7.275253953362113890e+00
-4.167572362772180128e+01 -5.373552828940699300e+00
-4.074350483817808311e+01 -3.512041971912150728e+00
-3.972819180339802614e+01 -1.694517836221166363e+00
-3.863185520116546456e+01 7.531283280303213701e-02
-3.745673095258852925e+01 1.793840558159836007e+00
-3.620521566205564312e+01 3.457560492516535078e+00
-3.487986172948627939e+01 5.063079566161086120e+00
-3.348337214484499924e+01 6.607123406990069725e+00
-3.201859497553485312e+01 8.086543018419245499e+00
-3.048851755791304896e+01 9.498321201597217822e+00
-2.889626040477483215e+01 1.083957870882455765e+01
-2.724507084123098011e+01 1.210758011562873193e+01
-2.553831638195823928e+01 1.329973939951915796e+01
-2.377947786332944347e+01 1.441362521404466790e+01
-2.197214234442991554e+01 1.544696584739733325e+01
-2.011999579143827432e+01 1.639765385544975729e+01
-1.822681556029135308e+01 1.726375035977707384e+01
-1.629646269296451067e+01 1.804348900189797789e+01
-1.433287404307865209e+01 1.873527954567039089e+01
-1.234005424689333630e+01 1.933771112049482710e+01
-1.032206755606080151e+01 1.984955509871110380e+01
-8.283029548797443908e+00 2.026976760132016508e+01
-6.227098736377500998e+00 2.059749162692064672e+01
-4.158468082067014571e+00 2.083205879951833950e+01
-2.081356449794736552e+00 2.097299073164409933e+01
0.000000000000000000e+00 2.101999999999999957e+01
2.081356449794729890e+00 2.097299073164409933e+01
4.158468082067014571e+00 2.083205879951833950e+01
6.227098736377506327e+00 2.059749162692064672e+01
8.283029548797443908e+00 2.026976760132016508e+01
1.032206755606081039e+01 1.984955509871110380e+01
1.234005424689333630e+01 1.933771112049482710e+01
1.433287404307865209e+01 1.873527954567039089e+01
1.629646269296451067e+01 1.804348900189797789e+01
1.822681556029135308e+01 1.726375035977707384e+01
2.011999579143827077e+01 1.639765385544976439e+01
2.197214234442991554e+01 1.544696584739733325e+01
2.377947786332943991e+01 1.441362521404467500e+01
2.553831638195823928e+01 1.329973939951915796e+01
2.724507084123097300e+01 1.210758011562873193e+01
2.889626040477483215e+01 1.083957870882455765e+01
3.048851755791304541e+01 9.498321201597217822e+00
3.201859497553485312e+01 8.086543018419245499e+00
3.348337214484499924e+01 6.607123406990066172e+00
3.487986172948627939e+01 5.063079566161086120e+00
3.620521566205564312e+01 3.457560492516535078e+00
3.745673095258852925e+01 1.793840558159836007e+00
3.863185520116546456e+01 7.531283280303213701e-02
3.972819180339802614e+01 -1.694517836221166363e+00
4.074350483817808311e+01 -3.512041971912150728e+00
4.167572362772179417e+01 -5.373552828940692194e+00
4.252294696060860701e+01 -7.275253953362113890e+00
4.328344696920236601e+01 -9.213266925285257258e+00
4.395567265354695508e+01 -1.118363926870692104e+01
4.453825304454948508e+01 -1.318235251237966565e+01
4.503000000000000114e+01 -1.520533038527365122e+01
3.842399999999999949e+01 -1.636826430821891876e+01
3.181800000000000139e+01 -1.753119823116418985e+01
2.521200000000000330e+01 -1.869413215410946094e+01
1.860600000000000165e+01 -1.985706607705473203e+01
1.200000000000000000e+01 -2.101999999999999957e+01
7.200000000000000178e+00 -2.101999999999999957e+01
2.400000000000000355e+00 -2.101999999999999957e+01
-2.399999999999998579e+00 -2.101999999999999957e+01
-7.199999999999999289e+00 -2.101999999999999957e+01
-1.200000000000000000e+01 -2.101999999999999957e+01
-1.860600000000000165e+01 -1.985706607705473203e+01
-2.521199999999999974e+01 -1.869413215410946094e+01
-3.181799999999999784e+01 -1.753119823116418985e+01
-3.842399999999999949e+01 -1.636826430821891876e+01
-4.503000000000000114e+01 -1.520533038527365122e+01
nan nan
4.363499999999999801e+01 -1.302000000000000135e+01
4.358666350314467053e+01 -1.277699602044816984e+01
4.344901280605346017e+01 -1.257098719394654296e+01
4.324300397955182973e+01 -1.243333649685533437e+01
4.300000000000000000e+01 -1.238500000000000156e+01
4.275699602044817027e+01 -1.243333649685533437e+01
4.255098719394653983e+01 -1.257098719394654296e+01
4.241333649685532947e+01 -1.277699602044816984e+01
4.236500000000000199e+01 -1.302000000000000135e+01
4.241333649685532947e+01 -1.326300397955183286e+01
4.255098719394653983e+01 -1.346901280605345974e+01
4.275699602044817027e+01 -1.360666350314466833e+01
4.300000000000000000e+01 -1.365500000000000114e+01
4.324300397955182973e+01 -1.360666350314466833e+01
4.344901280605346017e+01 -1.346901280605345974e+01
4.358666350314466342e+01 -1.326300397955183286e+01
4.363499999999999801e+01 -1.302000000000000135e+01
