# reference boundary from eng dwgs
7.512500000000000000e+01 1.193500000000000050e+01
7.612500000000000000e+01 1.093500000000000050e+01
7.612500000000000000e+01 3.250000000000000000e+00
6.659499999999999886e+01 3.250000000000000000e+00
6.659499999999999886e+01 -3.250000000000000000e+00
7.612500000000000000e+01 -3.250000000000000000e+00
7.612500000000000000e+01 -1.093500000000000050e+01
7.512500000000000000e+01 -1.193500000000000050e+01
-7.512500000000000000e+01 -1.193500000000000050e+01
-7.612500000000000000e+01 -1.093500000000000050e+01
-7.612500000000000000e+01 -3.250000000000000000e+00
-7.412500000000000000e+01 -3.250000000000000000e+00
-7.412500000000000000e+01 3.250000000000000000e+00
-7.612500000000000000e+01 3.250000000000000000e+00
-7.612500000000000000e+01 1.093500000000000050e+01
-7.512500000000000000e+01 1.193500000000000050e+01
7.512500000000000000e+01 1.193500000000000050e+01
nan nan
1.093500000000000050e+01 0.000000000000000000e+00
1.090836288959117795e+01 7.624731362601616658e-01
1.082858133168907244e+01 1.521231580043995280e+00
1.069604401402416549e+01 2.272578736483518380e+00
1.051139664508551697e+01 3.012854117757709282e+00
1.027553880829390920e+01 3.738451176621222061e+00
9.989619579321841414e+00 4.445834877140034003e+00
9.655031927912366640e+00 5.131558917031179945e+00
9.273405931470518837e+00 5.792282517701046629e+00
8.846600833490050775e+00 6.424786700182878008e+00
8.376695985506026787e+00 7.025989967678717640e+00
7.865980716703151465e+00 7.592963318302069275e+00
7.316943180534114965e+00 8.122944514880657607e+00
6.732258232686073818e+00 8.613351542298273600e+00
6.114774399452617359e+00 9.061795186812883429e+00
5.467500000000001137e+00 9.466090676065807230e+00
4.793588490138561475e+00 9.824268323073045650e+00
4.096323099002997736e+00 1.013458312234227066e+01
3.379100833490050526e+00 1.039552325136417643e+01
2.645415928382365944e+00 1.060581743605978033e+01
1.898842822787884188e+00 1.076444114429994059e+01
1.143018745831790417e+00 1.087062157732291112e+01
3.816259964418493023e-01 1.092384143473222657e+01
-3.816259964418479700e-01 1.092384143473222657e+01
-1.143018745831791749e+00 1.087062157732291112e+01
-1.898842822787882856e+00 1.076444114429994059e+01
-2.645415928382367277e+00 1.060581743605978033e+01
-3.379100833490049194e+00 1.039552325136417643e+01
-4.096323099002998624e+00 1.013458312234227066e+01
-4.793588490138563252e+00 9.824268323073043874e+00
-5.467499999999997584e+00 9.466090676065809006e+00
-6.114774399452615583e+00 9.061795186812885206e+00
-6.732258232686072930e+00 8.613351542298275376e+00
-7.316943180534114965e+00 8.122944514880657607e+00
-7.865980716703152353e+00 7.592963318302068387e+00
-8.376695985506023234e+00 7.025989967678720305e+00
-8.846600833490048998e+00 6.424786700182878896e+00
-9.273405931470518837e+00 5.792282517701046629e+00
-9.655031927912366640e+00 5.131558917031178169e+00
-9.989619579321839637e+00 4.445834877140036667e+00
-1.027553880829390742e+01 3.738451176621223837e+00
-1.051139664508551697e+01 3.012854117757710171e+00
-1.069604401402416549e+01 2.272578736483517936e+00
-1.082858133168907244e+01 1.521231580043993725e+00
-1.090836288959117795e+01 7.624731362601641083e-01
-1.093500000000000050e+01 1.338600183808014473e-15
-1.090836288959117795e+01 -7.624731362601613327e-01
-1.082858133168907067e+01 -1.521231580043996168e+00
-1.069604401402416372e+01 -2.272578736483520601e+00
-1.051139664508551697e+01 -3.012854117757707506e+00
-1.027553880829390920e+01 -3.738451176621221173e+00
-9.989619579321841414e+00 -4.445834877140034003e+00
-9.655031927912366640e+00 -5.131558917031179945e+00
-9.273405931470518837e+00 -5.792282517701044853e+00
-8.846600833490050775e+00 -6.424786700182876231e+00
-8.376695985506026787e+00 -7.025989967678717640e+00
-7.865980716703149689e+00 -7.592963318302071052e+00
-7.316943180534114077e+00 -8.122944514880657607e+00
-6.732258232686072930e+00 -8.613351542298275376e+00
-6.114774399452613807e+00 -9.061795186812885206e+00
-5.467500000000004690e+00 -9.466090676065803677e+00
-4.793588490138565028e+00 -9.824268323073043874e+00
-4.096323099003001289e+00 -1.013458312234226888e+01
-3.379100833490051858e+00 -1.039552325136417643e+01
-2.645415928382367721e+00 -1.060581743605978033e+01
-1.898842822787883300e+00 -1.076444114429994059e+01
-1.143018745831789307e+00 -1.087062157732291290e+01
-3.816259964418457495e-01 -1.092384143473222657e+01
3.816259964418515227e-01 -1.092384143473222657e+01
1.143018745831785532e+00 -1.087062157732291290e+01
1.898842822787879303e+00 -1.076444114429994059e+01
2.645415928382363280e+00 -1.060581743605978033e+01
3.379100833490048306e+00 -1.039552325136417643e+01
4.096323099002997736e+00 -1.013458312234227066e+01
4.793588490138561475e+00 -9.824268323073045650e+00
5.467500000000000249e+00 -9.466090676065807230e+00
6.114774399452619136e+00 -9.061795186812883429e+00
6.732258232686076482e+00 -8.613351542298273600e+00
7.316943180534110525e+00 -8.122944514880662936e+00
7.865980716703147912e+00 -7.592963318302073716e+00
8.376695985506023234e+00 -7.025989967678721193e+00
8.846600833490048998e+00 -6.424786700182878896e+00
9.273405931470517061e+00 -5.792282517701047517e+00
9.655031927912366640e+00 -5.131558917031179945e+00
9.989619579321841414e+00 -4.445834877140034003e+00
1.027553880829390920e+01 -3.738451176621220284e+00
1.051139664508551697e+01 -3.012854117757707062e+00
1.069604401402416372e+01 -2.272578736483524153e+00
1.082858133168907067e+01 -1.521231580044000165e+00
1.090836288959117795e+01 -7.624731362601654405e-01
1.093500000000000050e+01 -2.677200367616028946e-15
nan nan
7.549500000000000455e+01 -9.650000000000000355e+00
7.544666350314466285e+01 -9.406996020448168849e+00
7.530901280605345960e+01 -9.200987193946541964e+00
7.510300397955182916e+01 -9.063336496855333380e+00
7.485999999999999943e+01 -9.015000000000000568e+00
7.461699602044816970e+01 -9.063336496855333380e+00
7.441098719394653926e+01 -9.200987193946541964e+00
7.427333649685533601e+01 -9.406996020448168849e+00
7.422499999999999432e+01 -9.650000000000000355e+00
7.427333649685533601e+01 -9.893003979551831861e+00
7.441098719394653926e+01 -1.009901280605345875e+01
7.461699602044816970e+01 -1.023666350314466733e+01
7.485999999999999943e+01 -1.028500000000000014e+01
7.510300397955182916e+01 -1.023666350314466733e+01
7.530901280605345960e+01 -1.009901280605345875e+01
7.544666350314466285e+01 -9.893003979551831861e+00
7.549500000000000455e+01 -9.650000000000000355e+00
