# reference boundary from eng dwgs (MULTIPLIED BY 0.5 - WHY IS THIS NEEDED?)
-2.665000000000000213e+01 -2.761191998032733608e+01
-2.531631536801925009e+01 -2.883963940806112802e+01
-2.392614060788176289e+01 -3.000300685951111745e+01
-2.248257771722101594e+01 -3.109942642861950191e+01
-2.098884782247310099e+01 -3.212645159498736547e+01
-1.944828399134390295e+01 -3.308179068297296510e+01
-1.786432379549380300e+01 -3.396331197527346291e+01
-1.624050164003502417e+01 -3.476904846958024109e+01
-1.458044087695742697e+01 -3.549720226769355946e+01
-1.288784572008091445e+01 -3.614614858730307390e+01
-1.116649297957467901e+01 -3.671443938748227254e+01
-9.420223634487275177e+00 -3.720080659980704496e+01
-7.652934262091710238e+00 -3.760416495788867763e+01
-5.868568343170482926e+00 -3.792361441900728636e+01
-4.071107462641156083e+00 -3.815844217244235637e+01
-2.264562425157652825e+00 -3.830812423001894018e+01
-4.529643055112828609e-01 -3.837232659532038781e+01
1.359644546198471193e+00 -3.835090600895880897e+01
3.169219524552396194e+00 -3.824391026824003603e+01
4.971722793832710430e+00 -3.805157812051011490e+01
6.763132297938246218e+00 -3.777433873042100743e+01
8.539450735089602063e+00 -3.741281072230443527e+01
1.029671447729815270e+01 -3.696780079979060218e+01
1.203100241469624443e+01 -3.644030194575194770e+01
1.373844470499362203e+01 -3.583149120658855225e+01
1.541523140853685625e+01 -3.514272706579924233e+01
1.705762098970364349e+01 -3.437554641269898070e+01
1.866194866566226551e+01 -3.353166111304636843e+01
2.022463458386694413e+01 -3.261295418923365474e+01
2.174219181004208679e+01 -3.162147561856243883e+01
2.321123410883133076e+01 -3.055943775898085235e+01
2.462848349974975903e+01 -2.942921041248904501e+01
2.599077757157919066e+01 -2.823331553722828247e+01
2.729507653888538243e+01 -2.697442162005311417e+01
2.853847002491139762e+01 -2.565533772214339336e+01
2.971818355571211967e+01 -2.427900721094257719e+01
3.083158475103889984e+01 -2.284850119240878286e+01
3.187618919816031493e+01 -2.136701165823353676e+01
3.284966599551214728e+01 -1.983784436331965040e+01
3.374984295380694732e+01 -1.826441144941078321e+01
3.457471144299731236e+01 -1.665022383133244332e+01
3.532243087427757189e+01 -1.499888336283346391e+01
3.599133280712297278e+01 -1.331407479950873984e+01
3.657992467220175570e+01 -1.159955757673735555e+01
3.708689310185331323e+01 -9.859157420982034736e+00
3.751110686070054356e+01 -8.096757813168458995e+00
3.785161936985725362e+01 -6.316291323193343743e+00
3.810767081909823872e+01 -4.521730834895939743e+00
3.827868986227884562e+01 -2.717080681074923287e+00
3.836429489222101807e+01 -9.063677083304571003e-01
3.836429489222101807e+01 9.063677083304383375e-01
3.827868986227884562e+01 2.717080681074905080e+00
3.810767081909823872e+01 4.521730834895920204e+00
3.785161936985725362e+01 6.316291323193324203e+00
3.751110686070055067e+01 8.096757813168441231e+00
3.708689310185332033e+01 9.859157420982018749e+00
3.657992467220176280e+01 1.159955757673733956e+01
3.599133280712297989e+01 1.331407479950872386e+01
3.532243087427757899e+01 1.499888336283344792e+01
3.457471144299731947e+01 1.665022383133242556e+01
3.374984295380693311e+01 1.826441144941079742e+01
3.284966599551215438e+01 1.983784436331963263e+01
3.187618919816032204e+01 2.136701165823351545e+01
3.083158475103891050e+01 2.284850119240876865e+01
2.971818355571213033e+01 2.427900721094256298e+01
2.853847002491138340e+01 2.565533772214340758e+01
2.729507653888538954e+01 2.697442162005310351e+01
2.599077757157920487e+01 2.823331553722827181e+01
2.462848349974976259e+01 2.942921041248904501e+01
2.321123410883135207e+01 3.055943775898084525e+01
2.174219181004210455e+01 3.162147561856243172e+01
2.022463458386696544e+01 3.261295418923364764e+01
1.866194866566228328e+01 3.353166111304636132e+01
1.705762098970364704e+01 3.437554641269898070e+01
1.541523140853687224e+01 3.514272706579923522e+01
1.373844470499363801e+01 3.583149120658854514e+01
1.203100241469626219e+01 3.644030194575194059e+01
1.029671447729816869e+01 3.696780079979060218e+01
8.539450735089602063e+00 3.741281072230443527e+01
6.763132297938265758e+00 3.777433873042100032e+01
4.971722793832729970e+00 3.805157812051011490e+01
3.169219524552414402e+00 3.824391026824003603e+01
1.359644546198507165e+00 3.835090600895880897e+01
-4.529643055112811401e-01 3.837232659532038781e+01
-2.264562425157634173e+00 3.830812423001894018e+01
-4.071107462641135655e+00 3.815844217244235637e+01
-5.868568343170463386e+00 3.792361441900728636e+01
-7.652934262091707573e+00 3.760416495788867763e+01
-9.420223634487241426e+00 3.720080659980705207e+01
-1.116649297957466302e+01 3.671443938748227254e+01
-1.288784572008089491e+01 3.614614858730308100e+01
-1.458044087695742697e+01 3.549720226769355946e+01
-1.624050164003502061e+01 3.476904846958024109e+01
-1.786432379549378524e+01 3.396331197527347001e+01
-1.944828399134388164e+01 3.308179068297296510e+01
-2.098884782247308323e+01 3.212645159498737257e+01
-2.248257771722101594e+01 3.109942642861950191e+01
-2.392614060788176289e+01 3.000300685951111745e+01
-2.531631536801923943e+01 2.883963940806113868e+01
-2.664999999999999147e+01 2.761191998032734318e+01
-2.665000000000000213e+01 -2.761191998032733608e+01
nan nan
-1.585000000000000142e+01 -2.700000000000000000e+01
-1.584999999999999964e+01 -1.242499999999999893e+01
-7.300000000000000711e+00 -1.242500000000000071e+01
-7.300000000000001599e+00 -2.700000000000000000e+01
-1.585000000000000142e+01 -2.700000000000000000e+01
nan nan
-4.625000000000001776e+00 -2.725000000000000000e+01
-4.625000000000000888e+00 -1.242500000000000071e+01
3.249999999999999112e+00 -1.242500000000000071e+01
3.249999999999998224e+00 -2.725000000000000000e+01
-4.625000000000001776e+00 -2.725000000000000000e+01
nan nan
1.705000000000000071e+01 -8.000000000000001776e+00
1.705000000000000071e+01 -1.250000000000010547e-01
3.150000000000000000e+01 -1.250000000000019151e-01
3.150000000000000000e+01 -8.000000000000001776e+00
1.705000000000000071e+01 -8.000000000000001776e+00
nan nan
6.250000000000000888e+00 1.005000000000000071e+01
6.250000000000001776e+00 2.450000000000000000e+01
1.400000000000000178e+01 2.450000000000000000e+01
1.400000000000000000e+01 1.005000000000000071e+01
6.250000000000000888e+00 1.005000000000000071e+01
nan nan
-4.249999999999999112e+00 1.542500000000000071e+01
-4.249999999999998224e+00 3.025000000000000000e+01
3.250000000000001776e+00 3.025000000000000000e+01
3.250000000000000888e+00 1.542500000000000071e+01
-4.249999999999999112e+00 1.542500000000000071e+01
